Vcc =  12
Vinm =  1
Vinf =  1000
Rin =  100
Ci =  0.0010000
R1 =  60000
R2 =  30000
Rc =  200
Re =  100
Cb =  0.0040000
Rout =  200
Co =  0.0010000
RL =  8
