Zi =  283.57
Zo =  2.8721
Zi1 =  283.57
Zo1 =  191.47
Zi2 =  31066.94741
Zo2 =  2.0552
Gain =  86.592
Gain1 =  87.937
Gain2 =  0.98473
