base = 2.248307e+00
coll = 8.983748e+00
emit = 1.521902e+00
emit2 = 9.691877e+00
in = 0.000000e+00
in2 = 0.000000e+00
out = 0.000000e+00
vcc = 1.200000e+01
vcc#branch = -2.67844e-02
vin#branch = 0.000000e+00
