lco = 2.053951e+01
uco = 4.254308e+06
threshold = 2.895075e+01
re(gain) = -3.95611e+01
im(gain) = 1.064963e+00
abs(gain) = 3.957547e+01
re(zin) = 3.835487e+02
im(zin) = -3.38447e+01
abs(zin) = 3.850390e+02
