re(zo[40]) = 4.008012e+00
im(zo[40]) = 9.193883e-02
abs(zo[40]) = 4.009066e+00
