R1 = 1.0407324334365136 

R2 = 2.0857867519728686 

R3 = 3.071199615896663 

R4 = 4.041770723234123 

R5 = 3.140660073703873 

R6 = 2.0936811661064763 

R7 = 1.0443244500565343 

Vs = 5.194209863050843 

C = 1.0412616050274464 

Kb = 7.021062278588699 

Kd = 8.137326206873837 




